2016-07-27	0.00	0.00	0.00	0	0
2016-07-28	0.00	0.00	0.00	0	0
2016-07-29	0.00	0.00	0.00	0	0
2016-07-30	0.00	0.00	0.00	0	0
2016-07-31	76.50	5.85	70.65	11	8
2016-08-01	111.60	35.55	76.05	36	17
2016-08-02	3428.55	1067.40	2361.15	158	33
2016-08-03	9260.25	3716.55	5543.70	298	40
2016-08-04	9997.88	3339.90	6657.98	428	37
2016-08-05	12061.44	4043.70	8017.74	600	39
2016-08-06	12230.19	3887.55	8342.64	718	37
2016-08-07	13250.88	3882.15	9368.73	819	39
2016-08-08	12738.24	3652.20	9086.04	833	37
2016-08-09	13319.64	4569.75	8749.89	986	37
2016-08-10	14611.32	4143.60	10467.72	1042	37
2016-08-11	14043.78	3883.95	10159.83	1115	36
2016-08-12	15744.69	4830.30	10914.39	1361	38
2016-08-13	14075.46	4855.05	9220.41	1488	37
2016-08-14	11419.38	3498.30	7921.08	1329	37
2016-08-15	12623.67	3627.00	8996.67	1388	36
2016-08-16	12745.26	4061.70	8683.56	1464	38
2016-08-17	15777.54	4193.10	11584.44	1557	41
2016-08-18	13730.13	3740.40	9989.73	1581	43
2016-08-19	15952.68	4233.15	11719.53	1662	42
2016-08-20	12726.81	3761.10	8965.71	1625	39
2016-08-21	12748.32	3612.60	9135.72	1527	41
2016-08-22	14690.61	3695.40	10995.21	1782	40
2016-08-23	17810.01	6439.95	11370.06	2019	43
2016-08-24	17542.53	5511.60	12030.93	2081	43
2016-08-25	15720.12	4108.95	11611.17	1846	41
2016-08-26	16463.07	5135.40	11327.67	2070	41
2016-08-27	14577.66	4454.55	10123.11	1917	40
2016-08-28	14514.30	4007.25	10507.05	1963	39
2016-08-29	14221.35	3777.75	10443.60	1958	41
2016-08-30	17694.72	6164.10	11530.62	2239	41
2016-08-31	19699.98	5472.45	14227.53	2392	46
